coat:
  bpr:
    dim: 280
    lam: 3.690284488456918e-07
  dubpr:
    beta: 5.506688092561992
    dim: 120
    lam: 0.000475877299865596
  dumf:
    clip: 0.49971039914687165
    dim: 300
    lam: 1.0036787059690313e-07
  relmf:
    clip: 0.07583220539849722
    dim: 300
    lam: 1.0057125721944043e-07
  ubpr:
    beta: 3.1637299964684225
    dim: 220
    lam: 8.240266689655904e-05
  wmf:
    dim: 300
    lam: 2.09971735574658e-07
    weight: 0.9732943620778397
